Now the file has more content!System ---

Matrices:
M =
[[0.1 0.  0.  0.  0.  0.  0.  0.  0.  0. ]
 [0.  0.1 0.  0.  0.  0.  0.  0.  0.  0. ]
 [0.  0.  0.1 0.  0.  0.  0.  0.  0.  0. ]
 [0.  0.  0.  0.1 0.  0.  0.  0.  0.  0. ]
 [0.  0.  0.  0.  0.1 0.  0.  0.  0.  0. ]
 [0.  0.  0.  0.  0.  0.1 0.  0.  0.  0. ]
 [0.  0.  0.  0.  0.  0.  0.1 0.  0.  0. ]
 [0.  0.  0.  0.  0.  0.  0.  0.1 0.  0. ]
 [0.  0.  0.  0.  0.  0.  0.  0.  0.1 0. ]
 [0.  0.  0.  0.  0.  0.  0.  0.  0.  0.1]]

K =
[[ 20. -10.   0.   0.   0.   0.   0.   0.   0.]
 [-10.  20. -10.   0.   0.   0.   0.   0.   0.]
 [  0. -10.  20. -10.   0.   0.   0.   0.   0.]
 [  0.   0. -10.  20. -10.   0.   0.   0.   0.]
 [  0.   0.   0. -10.  20. -10.   0.   0.   0.]
 [  0.   0.   0.   0. -10.  20. -10.   0.   0.]
 [  0.   0.   0.   0.   0. -10.  20. -10.   0.]
 [  0.   0.   0.   0.   0.   0. -10.  20. -10.]
 [  0.   0.   0.   0.   0.   0.   0. -10.  10.]]

---

Eigenanalysis ---

Eigenvalues and natural frequencies:
omega_i = [0.26285822 0.78140457 1.27863625 1.74099006 2.1558542  2.51191226
 2.7994519  3.01062979 3.13968554]
Eigenvectors (mode shapes):
v =
[[ 0.07552118 -0.21837964  0.33757328 -0.42018562 -0.45726433  0.44479135
  -0.38411832 -0.28182012 -0.14898233]
 [ 0.14898233 -0.38411832  0.45726433 -0.33757328 -0.07552118 -0.21837964
   0.42018562  0.44479135  0.28182012]
 [ 0.21837964 -0.45726433  0.28182012  0.14898233  0.44479135 -0.33757328
  -0.07552118 -0.42018562 -0.38411832]
 [ 0.28182012 -0.42018562 -0.07552118  0.45726433  0.14898233  0.38411832
  -0.33757328  0.21837964  0.44479135]
 [ 0.33757328 -0.28182012 -0.38411832  0.21837964 -0.42018562  0.14898233
   0.44479135  0.07552118 -0.45726433]
 [ 0.38411832 -0.07552118 -0.44479135 -0.28182012 -0.21837964 -0.45726433
  -0.14898233 -0.33757328  0.42018562]
 [ 0.42018562  0.14898233 -0.21837964 -0.44479135  0.38411832  0.07552118
  -0.28182012  0.45726433 -0.33757328]
 [ 0.44479135  0.33757328  0.14898233 -0.07552118  0.28182012  0.42018562
   0.45726433 -0.38411832  0.21837964]
 [ 0.45726433  0.44479135  0.42018562  0.38411832 -0.33757328 -0.28182012
  -0.21837964  0.14898233 -0.07552118]]

NOTE: unit norm normalization.
---
